image_width: 1280
image_height: 720
camera_name: netcam_stream_130
camera_matrix:
  rows: 3
  cols: 3
  data: [1107.438496201898, 0, 652.4841050151007, 0, 1108.523081565141, 353.8865360646588, 0, 0, 1]
distortion_model: plumb_bob
distortion_coefficients:
  rows: 1
  cols: 5
  data: [-0.3966199904630558, 0.178026806634782, 0.005863079011157302, -0.001999823497510733, 0]
rectification_matrix:
  rows: 3
  cols: 3
  data: [1, 0, 0, 0, 1, 0, 0, 0, 1]
projection_matrix:
  rows: 3
  cols: 4
  data: [947.8487548828125, 0, 652.098779435255, 0, 0, 1059.154052734375, 355.2772797706348, 0, 0, 0, 1, 0]