image_width: 1280
image_height: 720
camera_name: netcam_stream_104
camera_matrix:
  rows: 3
  cols: 3
  data: [1065.859538582788, 0, 660.4142822837583, 0, 1066.968588862152, 380.1276544757447, 0, 0, 1]
distortion_model: plumb_bob
distortion_coefficients:
  rows: 1
  cols: 5
  data: [-0.3966969786066621, 0.1719977878368975, 0.001909348159199617, -0.0006604151295671087, 0]
rectification_matrix:
  rows: 3
  cols: 3
  data: [1, 0, 0, 0, 1, 0, 0, 0, 1]
projection_matrix:
  rows: 3
  cols: 4
  data: [897.4857788085938, 0, 665.8391064454336, 0, 0, 1014.354248046875, 382.4991624904578, 0, 0, 0, 1, 0]