image_width: 1280
image_height: 720
camera_name: netcam_stream_103
camera_matrix:
  rows: 3
  cols: 3
  data: [1460.634818598445, 0, 645.4246237239189, 0, 1458.7007831426, 334.3977999964571, 0, 0, 1]
distortion_model: plumb_bob
distortion_coefficients:
  rows: 1
  cols: 5
  data: [-0.3743819987530678, 0.2095083147246223, 0.001603780838536983, 0.0009773651403866554, 0]
rectification_matrix:
  rows: 3
  cols: 3
  data: [1, 0, 0, 0, 1, 0, 0, 0, 1]
projection_matrix:
  rows: 3
  cols: 4
  data: [1352.492065429688, 0, 646.8755183854046, 0, 0, 1422.852294921875, 333.1897526685098, 0, 0, 0, 1, 0]