image_width: 1280
image_height: 720
camera_name: netcam_stream_100
camera_matrix:
  rows: 3
  cols: 3
  data: [1349.800160619165, 0, 652.944187525293, 0, 1347.873591008731, 417.9157458264725, 0, 0, 1]
distortion_model: plumb_bob
distortion_coefficients:
  rows: 1
  cols: 5
  data: [-0.3885435990734509, 0.2140566122903104, 0.001362980974205293, -0.001377752524234502, 0]
rectification_matrix:
  rows: 3
  cols: 3
  data: [1, 0, 0, 0, 1, 0, 0, 0, 1]
projection_matrix:
  rows: 3
  cols: 4
  data: [1227.698974609375, 0, 653.1308849255583, 0, 0, 1304.410522460938, 421.0673067225907, 0, 0, 0, 1, 0]