image_width: 1280
image_height: 720
camera_name: netcam_stream_101
camera_matrix:
  rows: 3
  cols: 3
  data: [1574.502955367693, 0, 640.587492763003, 0, 1573.749557665722, 314.5373478722886, 0, 0, 1]
distortion_model: plumb_bob
distortion_coefficients:
  rows: 1
  cols: 5
  data: [-0.3609323366633657, 0.2002293498022066, -0.0008496446456086507, -0.0005962499364229419, 0]
rectification_matrix:
  rows: 3
  cols: 3
  data: [1, 0, 0, 0, 1, 0, 0, 0, 1]
projection_matrix:
  rows: 3
  cols: 4
  data: [1477.644165039062, 0, 639.5665307871786, 0, 0, 1539.890747070312, 312.1319826612853, 0, 0, 0, 1, 0]