image_width: 1280
image_height: 720
camera_name: netcam_stream_108
camera_matrix:
  rows: 3
  cols: 3
  data: [848.1512515390423, 0, 661.3428898528925, 0, 845.4099445283805, 398.096161081376, 0, 0, 1]
distortion_model: plumb_bob
distortion_coefficients:
  rows: 1
  cols: 5
  data: [-0.3756330261041511, 0.1267997957882675, -0.001406549826443571, 2.050144993295779e-05, 0]
rectification_matrix:
  rows: 3
  cols: 3
  data: [1, 0, 0, 0, 1, 0, 0, 0, 1]
projection_matrix:
  rows: 3
  cols: 4
  data: [636.0736083984375, 0, 670.9551069032022, 0, 0, 779.5784912109375, 403.1500368743436, 0, 0, 0, 1, 0]